7B227073704964223A22393739433945383433463431313430444631443138343432323932323137343
13034353044314339464446394437384337313531303944334643463542433731222C2276657273696F
6E223A312C22637265617465644F6E223A313536363233343735303036312C227369676E61747572652
23A22333038303036303932613836343838366637306430313037303261303830333038303032303130
31333130663330306430363039363038363438303136353033303430323031303530303330383030363
03932613836343838366637306430313037303130303030613038303330383230336533333038323033
38386130303330323031303230323038346333303431343935313964353433363330306130363038326
13836343863653364303430333032333037613331326533303263303630333535303430333063323534
31373037303663363532303431373037303663363936333631373436393666366532303439366537343
63536373732363137343639366636653230343334313230326432303437333333313236333032343036
30333535303430623063316434313730373036633635323034333635373237343639363636393633363
13734363936663665323034313735373436383666373236393734373933313133333031313036303335
35303430613063306134313730373036633635323034393665363332653331306233303039303630333
53530343036313330323535353333303165313730643331333933303335333133383330333133333332
33353337356131373064333233343330333533313336333033313333333233353337356133303566333
13235333032333036303335353034303330633163363536333633326437333664373032643632373236
66366236353732326437333639363736653566353534333334326435303532346634343331313433303
13230363033353530343062306330623639346635333230353337393733373436353664373333313133
33303131303630333535303430613063306134313730373036633635323034393665363332653331306
23330303930363033353530343036313330323535353333303539333031333036303732613836343863
65336430323031303630383261383634386365336430333031303730333432303030346332313537376
56465626436633762323231386636386464373039306131323138646337623062643666326332383364
38343630393564393461663461353431316238333432306564383131663334303765383333333166316
33534633366376562333232306436626164356434656666343932383938393365376330663133613338
32303231313330383230323064333030633036303335353164313330313031666630343032333030303
33031663036303335353164323330343138333031363830313432336632343963343466393365346566
32376536633466363238366333666132626266643265346233303435303630383262303630313035303
53037303130313034333933303337333033353036303832623036303130353035303733303031383632
39363837343734373033613266326636663633373337303265363137303730366336353265363336663
66432663666363337333730333033343264363137303730366336353631363936333631333333303332
33303832303131643036303335353164323030343832303131343330383230313130333038323031306
33036303932613836343838366637363336343035303133303831666533303831633330363038326230
36303130353035303730323032333038316236306338316233353236353663363936313665363336353
23036663665323037343638363937333230363336353732373436393636363936333631373436353230
36323739323036313665373932303730363137323734373932303631373337333735366436353733323
03631363336333635373037343631366536333635323036663636323037343638363532303734363836
35366532303631373037303663363936333631363236633635323037333734363136653634363137323
63432303734363537323664373332303631366536343230363336663665363436393734363936663665
37333230366636363230373537333635326332303633363537323734363936363639363336313734363
53230373036663663363936333739323036313665363432303633363537323734363936363639363336
31373436393666366532303730373236313633373436393633363532303733373436313734363536643
63536653734373332653330333630363038326230363031303530353037303230313136326136383734
37343730336132663266373737373737326536313730373036633635326536333666366432663633363
53732373436393636363936333631373436353631373537343638366637323639373437393266333033
34303630333535316431663034326433303262333032396130323761303235383632333638373437343
73033613266326636333732366332653631373037303663363532653633366636643266363137303730
36633635363136393633363133333265363337323663333031643036303335353164306530343136303
43134393435376462366664353734383138363839383937363266376535373835303765373962353832
34333030653036303335353164306630313031666630343034303330323037383033303066303630393
26138363438383666373633363430363164303430323035303033303061303630383261383634386365
33643034303330323033343930303330343630323231303062653039353731666537316531653733356
23535653561666163623463373266656234343566333031383532323263373235313030326236316562
64366635353032323130306431386233353061356464366464366562313734363033356231316562326
36538376366613365366166366362643833383038393064633832636464616136333330383230326565
33303832303237356130303330323031303230323038343936643266626633613938646139373330306
13036303832613836343863653364303430333032333036373331316233303139303630333535303430
33306331323431373037303663363532303532366636663734323034333431323032643230343733333
33132363330323430363033353530343062306331643431373037303663363532303433363537323734
36393636363936333631373436393666366532303431373537343638366637323639373437393331313
33330313130363033353530343061306330613431373037303663363532303439366536333265333130
62333030393036303335353034303631333032353535333330316531373064333133343330333533303
33633323333333433363333333035613137306433323339333033353330333633323333333433363333
33303561333037613331326533303263303630333535303430333063323534313730373036633635323
03431373037303663363936333631373436393666366532303439366537343635363737323631373436
39366636653230343334313230326432303437333333313236333032343036303335353034306230633
16434313730373036633635323034333635373237343639363636393633363137343639366636653230
34313735373436383666373236393734373933313133333031313036303335353034306130633061343
13730373036633635323034393665363332653331306233303039303630333535303430363133303235
35353333303539333031333036303732613836343863653364303230313036303832613836343863653
36430333031303730333432303030346630313731313834313964373634383564353161356532353831
30373736653838306132656664653762616534646530386466633462393365313333353664353636356
23335616532326430393737363064323234653762626130386664373631376365383863623736626236
36373062656338653832393834666635343435613338316637333038316634333034363036303832623
03630313035303530373031303130343361333033383330333630363038326230363031303530353037
33303031383632613638373437343730336132663266366636333733373032653631373037303663363
53265363336663664326636663633373337303330333432643631373037303663363537323666366637
34363336313637333333303164303630333535316430653034313630343134323366323439633434663
93365346566323765366334663632383663336661326262666432653462333030663036303335353164
31333031303166663034303533303033303130316666333031663036303335353164323330343138333
03136383031346262623064656131353833333838396161343861393964656265626465626166646163
62323461623330333730363033353531643166303433303330326533303263613032616130323838363
23636383734373437303361326632663633373236633265363137303730366336353265363336663664
32663631373037303663363537323666366637343633363136373333326536333732366333303065303
63033353531643066303130316666303430343033303230313036333031303036306132613836343838
36663736333634303630323065303430323035303033303061303630383261383634386365336430343
03330323033363730303330363430323330336163663732383335313136393962313836666233356333
35366361363262666634313765646439306637353464613238656265663139633831356534326237383
96638393866373962353939663938643534313064386639646539633266653032333033323264643534
34323162306133303537373663356466333338336239303637666431373763326332313664393634666
33637323639383231323666353466383761376431623939636239623039383932313631303639393066
30393932316430303030333138323031386233303832303138373032303130313330383138363330376
13331326533303263303630333535303430333063323534313730373036633635323034313730373036
63363936333631373436393666366532303439366537343635363737323631373436393666366532303
43334313230326432303437333333313236333032343036303335353034306230633164343137303730
36633635323034333635373237343639363636393633363137343639366636653230343137353734363
83666373236393734373933313133333031313036303335353034306130633061343137303730366336
35323034393665363332653331306233303039303630333535303430363133303235353533303230383
46333303431343935313964353433363330306430363039363038363438303136353033303430323031
30353030613038313935333031383036303932613836343838366637306430313039303333313062303
63039326138363438383666373064303130373031333031633036303932613836343838366637306430
31303930353331306631373064333133393330333833313339333133373331333233333330356133303
26130363039326138363438383666373064303130393334333131643330316233303064303630393630
38363438303136353033303430323031303530306131306130363038326138363438636533643034303
33032333032663036303932613836343838366637306430313039303433313232303432306230373130
33653134306134623862313762626132303161303361636430363962346534313662326132633830663
83661383338313435633239373566633131333030613036303832613836343863653364303430333032
30343436333034343032323034363930626463663762646166383363646634393439653463303531303
96564636633343736653035643732613132643763356665386330333030333434646630323230323637
64353863393365626233353031333836363062353730373938613064643731313734316262353864626
436613138363633353038353431656565393035303030303030303030303030227D